matrix AB
3 3
19.000000 22.000000 27.000000 
17.000000 23.000000 24.000000 
16.000000 20.000000 36.000000 

matrix AB^T
3 3
19.000000 17.000000 16.000000 
22.000000 23.000000 20.000000 
27.000000 24.000000 36.000000 

matrix AB
3 3
19.000000 22.000000 27.000000 
17.000000 23.000000 24.000000 
16.000000 20.000000 36.000000 

matrix AB^T
3 3
19.000000 17.000000 16.000000 
22.000000 23.000000 20.000000 
27.000000 24.000000 36.000000 

matrix AB
3 3
19.000000 22.000000 27.000000 
17.000000 23.000000 24.000000 
16.000000 20.000000 36.000000 

matrix AB^T
3 3
19.000000 17.000000 16.000000 
22.000000 23.000000 20.000000 
27.000000 24.000000 36.000000 

matrix AB
3 3
19.000000 22.000000 27.000000 
17.000000 23.000000 24.000000 
16.000000 20.000000 36.000000 

matrix AB^T
3 3
231584178474632390847141970017375815706539969331281128078915168015826259279872.000000 231584178474632390847141970017375815706539969331281128078915168015826259279872.000000 27.000000 
17.000000 23.000000 24.000000 
16.000000 20.000000 36.000000 

matrix AB
3 3
19.000000 22.000000 27.000000 
17.000000 23.000000 24.000000 
16.000000 20.000000 36.000000 

matrix AB^T
3 3
19.000000 17.000000 16.000000 
22.000000 23.000000 20.000000 
27.000000 24.000000 36.000000 

matrix AB
3 3
19.000000 22.000000 27.000000 
17.000000 23.000000 24.000000 
16.000000 20.000000 36.000000 

matrix AB^T
3 3
19.000000 17.000000 16.000000 
22.000000 23.000000 20.000000 
27.000000 24.000000 36.000000 

matrix AB
3 3
19.000000 22.000000 27.000000 
17.000000 23.000000 24.000000 
16.000000 20.000000 36.000000 

matrix AB^T
3 3
19.000000 17.000000 16.000000 
22.000000 23.000000 20.000000 
27.000000 24.000000 36.000000 

matrix AB
3 3
19.000000 22.000000 27.000000 
17.000000 23.000000 24.000000 
16.000000 20.000000 36.000000 

matrix AB^T
3 3
19.000000 17.000000 16.000000 
22.000000 23.000000 20.000000 
27.000000 24.000000 36.000000 

matrix AB
3 3
19.000000 22.000000 27.000000 
17.000000 23.000000 24.000000 
16.000000 20.000000 36.000000 

matrix AB^T
3 3
19.000000 17.000000 16.000000 
22.000000 23.000000 20.000000 
27.000000 24.000000 36.000000 

matrix AB
3 3
19.000000 22.000000 27.000000 
17.000000 23.000000 24.000000 
16.000000 20.000000 36.000000 

matrix AB^T
3 3
19.000000 17.000000 16.000000 
22.000000 23.000000 20.000000 
27.000000 24.000000 36.000000 

matrix AB
3 3
19.000000 22.000000 27.000000 
17.000000 23.000000 24.000000 
16.000000 20.000000 36.000000 

matrix AB^T
3 3
19.000000 17.000000 16.000000 
22.000000 23.000000 20.000000 
27.000000 24.000000 36.000000 

matrix AB
3 3
19.000000 22.000000 27.000000 
17.000000 23.000000 24.000000 
16.000000 20.000000 36.000000 

matrix AB^T
3 3
19.000000 17.000000 16.000000 
22.000000 23.000000 20.000000 
27.000000 24.000000 36.000000 

matrix AB
3 3
19.000000 22.000000 27.000000 
17.000000 23.000000 24.000000 
16.000000 20.000000 36.000000 

matrix AB^T
3 3
-2.000000 -2.000000 27.000000 
17.000000 23.000000 24.000000 
16.000000 20.000000 36.000000 

matrix AB
3 3
19.000000 22.000000 27.000000 
17.000000 23.000000 24.000000 
16.000000 20.000000 36.000000 

matrix AB^T
3 3
-0.000000 -0.000000 27.000000 
17.000000 23.000000 24.000000 
16.000000 20.000000 36.000000 

matrix AB
3 3
19.000000 22.000000 27.000000 
17.000000 23.000000 24.000000 
16.000000 20.000000 36.000000 

matrix AB^T
3 3
0.000000 0.000000 27.000000 
17.000000 23.000000 24.000000 
16.000000 20.000000 36.000000 

matrix AB
3 3
19.000000 22.000000 27.000000 
17.000000 23.000000 24.000000 
16.000000 20.000000 36.000000 

matrix AB^T
3 3
26815615859885194199148049996411692254958731641184786755447122887443528060147093953603748596333806855380063716372972101707507765623893139892867298012168192.000000 26815615859885194199148049996411692254958731641184786755447122887443528060147093953603748596333806855380063716372972101707507765623893139892867298012168192.000000 27.000000 
17.000000 23.000000 24.000000 
16.000000 20.000000 36.000000 

matrix AB
3 3
19.000000 22.000000 27.000000 
17.000000 23.000000 24.000000 
16.000000 20.000000 36.000000 

matrix AB^T
3 3
-0.000000 -0.000000 27.000000 
17.000000 23.000000 24.000000 
16.000000 20.000000 36.000000 

matrix AB
3 3
19.000000 22.000000 27.000000 
17.000000 23.000000 24.000000 
16.000000 20.000000 36.000000 

matrix AB^T
3 3
0.000000 0.000000 27.000000 
17.000000 23.000000 24.000000 
16.000000 20.000000 36.000000 

matrix AB
3 3
19.000000 22.000000 27.000000 
17.000000 23.000000 24.000000 
16.000000 20.000000 36.000000 

matrix AB^T
3 3
-2.000000 -2.000000 27.000000 
17.000000 23.000000 24.000000 
16.000000 20.000000 36.000000 

matrix AB
3 3
19.000000 22.000000 27.000000 
17.000000 23.000000 24.000000 
16.000000 20.000000 36.000000 

matrix AB^T
3 3
26815615859885194199148049996411692254958731641184786755447122887443528060147093953603748596333806855380063716372972101707507765623893139892867298012168192.000000 26815615859885194199148049996411692254958731641184786755447122887443528060147093953603748596333806855380063716372972101707507765623893139892867298012168192.000000 27.000000 
17.000000 23.000000 24.000000 
16.000000 20.000000 36.000000 

matrix AB
3 3
19.000000 22.000000 27.000000 
17.000000 23.000000 24.000000 
16.000000 20.000000 36.000000 

matrix AB^T
3 3
0.000000 0.000000 27.000000 
17.000000 23.000000 24.000000 
16.000000 20.000000 36.000000 

matrix AB
3 3
19.000000 22.000000 27.000000 
17.000000 23.000000 24.000000 
16.000000 20.000000 36.000000 

matrix AB^T
3 3
0.000000 0.000000 27.000000 
17.000000 23.000000 24.000000 
16.000000 20.000000 36.000000 

matrix AB
3 3
19.000000 22.000000 27.000000 
17.000000 23.000000 24.000000 
16.000000 20.000000 36.000000 

matrix AB^T
3 3
2.000000 2.000000 27.000000 
17.000000 23.000000 24.000000 
16.000000 20.000000 36.000000 

matrix AB
3 3
19.000000 22.000000 27.000000 
17.000000 23.000000 24.000000 
16.000000 20.000000 36.000000 

matrix AB^T
3 3
0.000000 0.000000 27.000000 
17.000000 23.000000 24.000000 
16.000000 20.000000 36.000000 

matrix AB
3 3
19.000000 22.000000 27.000000 
17.000000 23.000000 24.000000 
16.000000 20.000000 36.000000 

matrix AB^T
3 3
-3105036184601417870297958976925005110513772034233393222278104076052101905372753772661756817657292955900975461394262146412343160088229628782888574550082362278408909952041699811100530571263196889650525998387432937501785693707632115712.000000 0.000000 27.000000 
17.000000 23.000000 24.000000 
16.000000 20.000000 36.000000 

matrix AB
3 3
19.000000 22.000000 27.000000 
17.000000 23.000000 24.000000 
16.000000 20.000000 36.000000 

matrix AB^T
3 3
0.000000 0.000000 27.000000 
17.000000 23.000000 24.000000 
16.000000 20.000000 36.000000 

matrix AB
3 3
19.000000 22.000000 27.000000 
17.000000 23.000000 24.000000 
16.000000 20.000000 36.000000 

matrix AB^T
3 3
0.000000 0.000000 27.000000 
17.000000 23.000000 24.000000 
16.000000 20.000000 36.000000 

matrix AB
3 3
19.000000 22.000000 27.000000 
17.000000 23.000000 24.000000 
16.000000 20.000000 36.000000 

matrix AB^T
3 3
26815615859885194199148049996411692254958731641184786755447122887443528060147093953603748596333806855380063716372972101707507765623893139892867298012168192.000000 26815615859885194199148049996411692254958731641184786755447122887443528060147093953603748596333806855380063716372972101707507765623893139892867298012168192.000000 27.000000 
17.000000 23.000000 24.000000 
16.000000 20.000000 36.000000 

matrix AB
3 3
19.000000 22.000000 27.000000 
17.000000 23.000000 24.000000 
16.000000 20.000000 36.000000 

matrix AB^T
3 3
-0.000000 -0.000000 27.000000 
17.000000 23.000000 24.000000 
16.000000 20.000000 36.000000 

matrix AB
3 3
19.000000 22.000000 27.000000 
17.000000 23.000000 24.000000 
16.000000 20.000000 36.000000 

matrix AB^T
3 3
231584178474632390847141970017375815706539969331281128078915168015826259279872.000000 231584178474632390847141970017375815706539969331281128078915168015826259279872.000000 27.000000 
17.000000 23.000000 24.000000 
16.000000 20.000000 36.000000 

matrix AB
3 3
19.000000 22.000000 27.000000 
17.000000 23.000000 24.000000 
16.000000 20.000000 36.000000 

matrix AB^T
3 3
-0.000000 -0.000000 27.000000 
17.000000 23.000000 24.000000 
16.000000 20.000000 36.000000 

matrix AB
3 3
19.000000 22.000000 27.000000 
17.000000 23.000000 24.000000 
16.000000 20.000000 36.000000 

matrix AB^T
3 3
-3105036184601417870297958976925005110513772034233393222278104076052101905372753772661756817657292955900975461394262146412343160088229628782888574550082362278408909952041699811100530571263196889650525998387432937501785693707632115712.000000 -3111086727903762620748926797417963411106310659264918683346685137106899585631572389973772566310345582046240088103051241996946023344173065852963798431000627583217160987696773123830786705923782756303183640070477273204429888919282122752.000000 27.000000 
17.000000 23.000000 24.000000 
16.000000 20.000000 36.000000 

matrix AB
3 3
19.000000 22.000000 27.000000 
17.000000 23.000000 24.000000 
16.000000 20.000000 36.000000 

matrix AB^T
3 3
26815615859885194199148049996411692254958731641184786755447122887443528060147093953603748596333806855380063716372972101707507765623893139892867298012168192.000000 0.000000 27.000000 
17.000000 23.000000 24.000000 
16.000000 20.000000 36.000000 

matrix AB
3 3
19.000000 22.000000 27.000000 
17.000000 23.000000 24.000000 
16.000000 20.000000 36.000000 

matrix AB^T
3 3
231584178474632390847141970017375815706539969331281128078915168015826259279872.000000 231584178474632390847141970017375815706539969331281128078915168015826259279872.000000 27.000000 
17.000000 23.000000 24.000000 
16.000000 20.000000 36.000000 

matrix AB
3 3
19.000000 22.000000 27.000000 
17.000000 23.000000 24.000000 
16.000000 20.000000 36.000000 

matrix AB^T
3 3
-0.000000 -0.000000 27.000000 
17.000000 23.000000 24.000000 
16.000000 20.000000 36.000000 

matrix AB
3 3
19.000000 22.000000 27.000000 
17.000000 23.000000 24.000000 
16.000000 20.000000 36.000000 

matrix AB^T
3 3
19.000000 17.000000 16.000000 
22.000000 23.000000 20.000000 
27.000000 24.000000 36.000000 

matrix AB
3 3
19.000000 22.000000 27.000000 
17.000000 23.000000 24.000000 
16.000000 20.000000 36.000000 

matrix AB^T
3 3
19.000000 17.000000 16.000000 
22.000000 23.000000 20.000000 
27.000000 24.000000 36.000000 

matrix AB
3 3
19.000000 22.000000 27.000000 
17.000000 23.000000 24.000000 
16.000000 20.000000 36.000000 

matrix AB^T
3 3
19.000000 17.000000 16.000000 
22.000000 23.000000 20.000000 
27.000000 24.000000 36.000000 

matrix AB
3 3
19.000000 22.000000 27.000000 
17.000000 23.000000 24.000000 
16.000000 20.000000 36.000000 

matrix AB^T
3 3
19.000000 17.000000 16.000000 
22.000000 23.000000 20.000000 
27.000000 24.000000 36.000000 

matrix AB
3 3
19.000000 22.000000 27.000000 
17.000000 23.000000 24.000000 
16.000000 20.000000 36.000000 

matrix AB^T
3 3
19.000000 17.000000 16.000000 
22.000000 23.000000 20.000000 
27.000000 24.000000 36.000000 

matrix AB
3 3
19.000000 22.000000 27.000000 
17.000000 23.000000 24.000000 
16.000000 20.000000 36.000000 

matrix AB^T
3 3
19.000000 17.000000 16.000000 
22.000000 23.000000 20.000000 
27.000000 24.000000 36.000000 

matrix AB
3 3
19.000000 22.000000 27.000000 
17.000000 23.000000 24.000000 
16.000000 20.000000 36.000000 

matrix AB^T
3 3
19.000000 17.000000 16.000000 
22.000000 23.000000 20.000000 
27.000000 24.000000 36.000000 

matrix AB
3 3
19.000000 22.000000 27.000000 
17.000000 23.000000 24.000000 
16.000000 20.000000 36.000000 

matrix AB^T
3 3
19.000000 17.000000 16.000000 
22.000000 23.000000 20.000000 
27.000000 24.000000 36.000000 

matrix AB
3 3
19.000000 22.000000 27.000000 
17.000000 23.000000 24.000000 
16.000000 20.000000 36.000000 

matrix AB^T
3 3
19.000000 17.000000 16.000000 
22.000000 23.000000 20.000000 
27.000000 24.000000 36.000000 

matrix AB
3 3
19.000000 22.000000 27.000000 
17.000000 23.000000 24.000000 
16.000000 20.000000 36.000000 

matrix AB^T
3 3
19.000000 17.000000 16.000000 
22.000000 23.000000 20.000000 
27.000000 24.000000 36.000000 

matrix AB
3 3
19.000000 22.000000 27.000000 
17.000000 23.000000 24.000000 
16.000000 20.000000 36.000000 

matrix AB^T
3 3
19.000000 17.000000 16.000000 
22.000000 23.000000 20.000000 
27.000000 24.000000 36.000000 

matrix AB
3 3
19.000000 22.000000 27.000000 
17.000000 23.000000 24.000000 
16.000000 20.000000 36.000000 

matrix AB^T
3 3
19.000000 17.000000 16.000000 
22.000000 23.000000 20.000000 
27.000000 24.000000 36.000000 

matrix AB
3 3
19.000000 22.000000 27.000000 
17.000000 23.000000 24.000000 
16.000000 20.000000 36.000000 

matrix AB^T
3 3
19.000000 17.000000 16.000000 
22.000000 23.000000 20.000000 
27.000000 24.000000 36.000000 

